{
  "nbformat": 4,
  "nbformat_minor": 0,
  "metadata": {
    "colab": {
      "provenance": [],
      "authorship_tag": "ABX9TyMreVTPFBgkvGJfs54cGyPP",
      "include_colab_link": true
    },
    "kernelspec": {
      "name": "python3",
      "display_name": "Python 3"
    },
    "language_info": {
      "name": "python"
    }
  },
  "cells": [
    {
      "cell_type": "markdown",
      "metadata": {
        "id": "view-in-github",
        "colab_type": "text"
      },
      "source": [
        "<a href=\"https://colab.research.google.com/github/Lu1sV1rus/Metodos_Numericos/blob/main/AlgoritmoQR.ipynb\" target=\"_parent\"><img src=\"https://colab.research.google.com/assets/colab-badge.svg\" alt=\"Open In Colab\"/></a>"
      ]
    },
    {
      "cell_type": "code",
      "execution_count": null,
      "metadata": {
        "colab": {
          "base_uri": "https://localhost:8080/"
        },
        "id": "D2ZBCdwSyy4E",
        "outputId": "cf5b35e9-c807-46b6-9c24-46c80f9798ad"
      },
      "outputs": [
        {
          "output_type": "stream",
          "name": "stdout",
          "text": [
            "A\n",
            "[[ 2 -1  1]\n",
            " [ 2  3  1]\n",
            " [ 1  1  2]]\n",
            "x\n",
            "2 2 1\n",
            "-1 3 1\n",
            "1 1 2\n",
            "w\n",
            "2 2 1\n",
            "-2.111112 1.888888 0.444444\n",
            "-0.162163 -0.486487 1.297297\n",
            "v\n",
            "0.666667 0.666667 0.333333\n",
            "-0.736235 0.658736 0.154997\n",
            "-0.116248 -0.348743 0.929981\n",
            "Q\n",
            "[[ 0.666667 -0.736235 -0.116248]\n",
            " [ 0.666667  0.658736 -0.348743]\n",
            " [ 0.333333  0.154997  0.929981]]\n",
            "R\n",
            "[[ 3.00000100e+00  1.66666700e+00  2.00000000e+00]\n",
            " [-1.00000000e-06  2.86744000e+00  2.32495000e-01]\n",
            " [-1.00000000e-06 -1.11022302e-16  1.39497100e+00]]\n",
            "A 1\n",
            "[[ 3.77777956 -0.80081818  0.92997943]\n",
            " [ 1.98912521  1.92492272 -0.78378358]\n",
            " [ 0.4649892   0.21621706  1.29729664]]\n",
            "---------------------\n",
            "x\n",
            "3.77778 1.989125 0.464989\n",
            "-0.800818 1.924923 0.216217\n",
            "0.929979 -0.783784 1.297297\n",
            "w\n",
            "3.77778 1.989125 0.464989\n",
            "-0.986001 1.827418 0.193424\n",
            "-0.069558 -0.177897 1.326147\n",
            "v\n",
            "0.879637 0.463158 0.10827\n",
            "-0.472802 0.876274 0.09275\n",
            "-0.051915 -0.132776 0.989785\n",
            "Q\n",
            "[[ 0.879637 -0.472802 -0.051915]\n",
            " [ 0.463158  0.876274 -0.132776]\n",
            " [ 0.10827   0.09275   0.989785]]\n",
            "R\n",
            "[[ 4.29469858e+00  2.10524158e-01  5.95486454e-01]\n",
            " [ 4.31044000e-06  2.08544246e+00 -1.00618118e+00]\n",
            " [ 7.62766500e-06 -7.66433000e-07  1.33983296e+00]]\n",
            "A 2\n",
            "[[ 3.93975504 -1.79083386  0.33849173]\n",
            " [ 0.85695391  1.73409366 -1.27279997]\n",
            " [ 0.14507007  0.12426523  1.32614627]]\n",
            "---------------------\n",
            "x\n",
            "3.939755 0.856954 0.14507\n",
            "-1.790834 1.734094 0.124265\n",
            "0.338492 -1.2728 1.326146\n",
            "w\n",
            "3.939755 0.856954 0.14507\n",
            "-0.447161 2.026362 0.173742\n",
            "-0.024666 -0.127405 1.422439\n",
            "v\n",
            "0.976519 0.212407 0.035957\n",
            "-0.214736 0.973102 0.083435\n",
            "-0.017269 -0.089198 0.995864\n",
            "Q\n",
            "[[ 0.976519 -0.214736 -0.017269]\n",
            " [ 0.212407  0.973102 -0.089198]\n",
            " [ 0.035957  0.083435  0.995864]]\n",
            "R\n",
            "[[ 4.03448492e+00 -1.37598153e+00  1.07876471e-01]\n",
            " [ 3.37078000e-07  2.08237492e+00 -1.20060365e+00]\n",
            " [-4.22150700e-06 -7.64306000e-07  1.42834686e+00]]\n",
            "A 3\n",
            "[[ 3.65136199 -2.19631886  0.16049357]\n",
            " [ 0.39914123  1.92619076 -1.38138164]\n",
            " [ 0.05135478  0.11917428  1.42243935]]\n",
            "---------------------\n",
            "x\n",
            "3.651362 0.399141 0.051355\n",
            "-2.196319 1.926191 0.119174\n",
            "0.160494 -1.381382 1.422439\n",
            "w\n",
            "3.651362 0.399141 0.051355\n",
            "-0.236045 2.140474 0.146744\n",
            "-0.0098 -0.104585 1.509781\n",
            "v\n",
            "0.993981 0.108655 0.01398\n",
            "-0.109359 0.991675 0.067986\n",
            "-0.006475 -0.069105 0.997588\n",
            "Q\n",
            "[[ 0.993981 -0.109359 -0.006475]\n",
            " [ 0.108655  0.991675 -0.069105]\n",
            " [ 0.01398   0.067986  0.997588]]\n",
            "R\n",
            "[[ 3.67347106e+00 -1.97214302e+00  2.93196226e-02]\n",
            " [ 2.75247000e-07  2.15844487e+00 -1.29072752e+00]\n",
            " [ 5.92398500e-06 -1.71121800e-06  1.51342928e+00]]\n",
            "A 4\n",
            "[[ 3.43748713 -2.35545873  0.14174812]\n",
            " [ 0.21648173  2.05272439 -1.43677362]\n",
            " [ 0.02116344  0.10288966  1.50977897]]\n",
            "---------------------\n",
            "x\n",
            "3.437487 0.216482 0.021163\n",
            "-2.355459 2.052724 0.10289\n",
            "0.141748 -1.436774 1.509779\n",
            "w\n",
            "3.437487 0.216482 0.021163\n",
            "-0.138782 2.192323 0.116537\n",
            "-0.004424 -0.084347 1.5815\n",
            "v\n",
            "0.998004 0.062851 0.006144\n",
            "-0.063088 0.996601 0.052976\n",
            "-0.002793 -0.053258 0.998577\n",
            "Q\n",
            "[[ 0.998004 -0.063088 -0.002793]\n",
            " [ 0.062851  0.996601 -0.053258]\n",
            " [ 0.006144  0.052976  0.998577]]\n",
            "R\n",
            "[[ 3.44436191e+00 -2.22110959e+00  6.04384705e-02]\n",
            " [ 3.12891400e-06  2.19979869e+00 -1.36085095e+00]\n",
            " [ 2.58550400e-06 -1.59027500e-06  1.58375439e+00]]\n",
            "A 5\n",
            "[[ 3.29825934 -2.42765616  0.16902422]\n",
            " [ 0.1299016   2.12022894 -1.47607135]\n",
            " [ 0.00973307  0.08389922  1.58150079]]\n",
            "---------------------\n",
            "x\n",
            "3.298259 0.129902 0.009733\n",
            "-2.427656 2.120229 0.083899\n",
            "0.169024 -1.476071 1.581501\n",
            "w\n",
            "3.298259 0.129902 0.009733\n",
            "-0.087403 2.2124 0.090805\n",
            "-0.002184 -0.067363 1.639166\n",
            "v\n",
            "0.999221 0.039354 0.002949\n",
            "-0.039442 0.998381 0.040977\n",
            "-0.001331 -0.041061 0.999156\n",
            "Q\n",
            "[[ 0.999221 -0.039442 -0.001331]\n",
            " [ 0.039354  0.998381 -0.041061]\n",
            " [ 0.002949  0.040977  0.999156]]\n",
            "R\n",
            "[[ 3.30083052e+00 -2.34207795e+00  1.15466879e-01]\n",
            " [ 5.86325000e-07  2.21598589e+00 -1.41554272e+00]\n",
            " [ 8.96597000e-07  6.76411000e-07  1.64055019e+00]]\n",
            "A 6\n",
            "[[ 3.20642955 -2.46374599  0.20714408]\n",
            " [ 0.08303406  2.15439349 -1.5053386 ]\n",
            " [ 0.00483891  0.06722547  1.63916554]]\n",
            "---------------------\n",
            "x\n",
            "3.20643 0.083034 0.004839\n",
            "-2.463746 2.154393 0.067225\n",
            "0.207144 -1.505339 1.639166\n",
            "w\n",
            "3.20643 0.083034 0.004839\n",
            "-0.057509 2.216705 0.070856\n",
            "-0.001147 -0.053905 1.685444\n",
            "v\n",
            "0.999664 0.025887 0.001509\n",
            "-0.025922 0.999154 0.031938\n",
            "-0.00068 -0.031966 0.999489\n",
            "Q\n",
            "[[ 9.99664e-01 -2.59220e-02 -6.80000e-04]\n",
            " [ 2.58870e-02  9.99154e-01 -3.19660e-02]\n",
            " [ 1.50900e-03  3.19380e-02  9.99489e-01]]\n",
            "R\n",
            "[[ 3.20750944e+00 -2.40704597e+00  1.70579190e-01]\n",
            " [ 1.22275800e-06  2.21858264e+00 -1.45708339e+00]\n",
            " [ 1.89002700e-06 -1.33133300e-06  1.68630719e+00]]\n",
            "A 7\n",
            "[[ 3.14437792e+00 -2.48270671e+00  2.45254549e-01]\n",
            " [ 5.52349323e-02  2.17016936e+00 -1.52725803e+00]\n",
            " [ 2.54649248e-03  5.38559000e-02  1.68544553e+00]]\n",
            "---------------------\n",
            "x\n",
            "3.144378 0.055235 0.002546\n",
            "-2.482707 2.170169 0.053856\n",
            "0.245255 -1.527258 1.685446\n",
            "w\n",
            "3.144378 0.055235 0.002546\n",
            "-0.038922 2.213097 0.055835\n",
            "-0.000631 -0.043476 1.7228\n",
            "v\n",
            "0.999845 0.017564 0.00081\n",
            "-0.017579 0.999528 0.025217\n",
            "-0.000366 -0.025228 0.999681\n",
            "Q\n",
            "[[ 9.99845e-01 -1.75790e-02 -3.66000e-04]\n",
            " [ 1.75640e-02  9.99528e-01 -2.52280e-02]\n",
            " [ 8.10000e-04  2.52170e-02  9.99681e-01]]\n",
            "R\n",
            "[[ 3.14486283e+00 -2.44416171e+00  2.19757437e-01]\n",
            " [-1.88930000e-06  2.21414627e+00 -1.48834658e+00]\n",
            " [ 8.76898000e-07 -1.53283400e-06  1.72334824e+00]]\n",
            "A 8\n",
            "[[ 3.10162412e+00 -2.49274998e+00  2.80197626e-01]\n",
            " [ 3.76818154e-02  2.17556959e+00 -1.54373028e+00]\n",
            " [ 1.39676192e-03  4.34561251e-02  1.72279853e+00]]\n",
            "---------------------\n",
            "x\n",
            "3.101624 0.037682 0.001397\n",
            "-2.49275 2.17557 0.043456\n",
            "0.280198 -1.54373 1.722799\n",
            "w\n",
            "3.101624 0.037682 0.001397\n",
            "-0.026816 2.205529 0.044567\n",
            "-0.00036 -0.035431 1.753223\n",
            "v\n",
            "0.999926 0.012148 0.00045\n",
            "-0.012155 0.999722 0.020201\n",
            "-0.000205 -0.020205 0.999796\n",
            "Q\n",
            "[[ 9.99926e-01 -1.21550e-02 -2.05000e-04]\n",
            " [ 1.21480e-02  9.99722e-01 -2.02050e-02]\n",
            " [ 4.50000e-04  2.02010e-02  9.99796e-01]]\n",
            "R\n",
            "[[ 3.10185287e+00 -2.46611716e+00  2.62199293e-01]\n",
            " [-4.94519000e-07  2.20614242e+00 -1.51190439e+00]\n",
            " [-4.82718000e-07  7.56876000e-07  1.75358117e+00]]\n",
            "A 9\n",
            "[[ 3.07178293e+00 -2.49783791e+00  3.11337822e-01]\n",
            " [ 2.61193667e-02  2.17498714e+00 -1.55617107e+00]\n",
            " [ 7.88638040e-04  3.54248558e-02  1.75322343e+00]]\n",
            "---------------------\n",
            "x\n",
            "3.071783 0.026119 0.000789\n",
            "-2.497838 2.174987 0.035425\n",
            "0.311338 -1.556171 1.753223\n",
            "w\n",
            "3.071783 0.026119 0.000789\n",
            "-0.018682 2.196067 0.036062\n",
            "-0.000208 -0.029204 1.778263\n",
            "v\n",
            "0.999964 0.008503 0.000257\n",
            "-0.008506 0.999829 0.016418\n",
            "-0.000117 -0.016421 0.999865\n",
            "Q\n",
            "[[ 9.99964e-01 -8.50600e-03 -1.17000e-04]\n",
            " [ 8.50300e-03  9.99829e-01 -1.64210e-02]\n",
            " [ 2.57000e-04  1.64180e-02  9.99865e-01]]\n",
            "R\n",
            "[[ 3.07189471e+00 -2.47924506e+00  2.98545248e-01]\n",
            " [-1.09874500e-06  2.19644329e+00 -1.52976872e+00]\n",
            " [ 5.94775000e-07 -2.99685600e-06  1.77850377e+00]]\n",
            "A 10\n",
            "[[ 3.05077983e+00 -2.50004913e+00  3.38857216e-01]\n",
            " [ 1.82821081e-02  2.17095197e+00 -1.56563000e+00]\n",
            " [ 4.57644741e-04  2.91964735e-02  1.77826372e+00]]\n",
            "---------------------\n"
          ]
        }
      ],
      "source": [
        "import numpy as np\n",
        "#numero de decimales\n",
        "kk=6\n",
        "#vectores horizontales\n",
        "a1=2\n",
        "a2=2\n",
        "a3=1\n",
        "a4=-1\n",
        "a5=3\n",
        "a6=1\n",
        "a7=1\n",
        "a8=1\n",
        "a9=2\n",
        "A=np.array([[a1,a4,a7],[a2,a5,a8],[a3,a6,a9]])\n",
        "print(\"A\")\n",
        "print(A)\n",
        "for i in range(10):\n",
        "  #U1\n",
        "  u11=round(((a1**2+a2**2+a3**2)**0.5), kk)\n",
        "  u1=round(a1/u11, kk)\n",
        "  u2=round(a2/u11, kk)\n",
        "  u3=round(a3/u11, kk)\n",
        "  #U2\n",
        "  w222=round(((a1*a4+a2*a5+a3*a6)/(a1**2+a2**2+a3**2)), kk)\n",
        "  w21=round(a4-(w222*a1), kk)\n",
        "  w22=round(a5-(w222*a2), kk)\n",
        "  w23=round(a6-(w222*a3), kk)\n",
        "  u22=round(((w21**2+w22**2+w23**2)**0.5), kk)\n",
        "  u4=round(w21/u22, kk)\n",
        "  u5=round(w22/u22, kk)\n",
        "  u6=round(w23/u22, kk)\n",
        "  #U3\n",
        "  w331=round(((a1*a7+a2*a8+a3*a9)/(a1**2+a2**2+a3**2)), kk)\n",
        "  w332=round(((w21*a7+w22*a8+w23*a9)/(w21**2+w22**2+w23**2)), kk)\n",
        "  w31=round(a7-(w331*a1)-(w332*w21), kk)\n",
        "  w32=round(a8-(w331*a2)-(w332*w22), kk)\n",
        "  w33=round(a9-(w331*a3)-(w332*w23), kk)\n",
        "  u33=round(((w31**2+w32**2+w33**2)**0.5), kk)\n",
        "  u7=round(w31/u33, kk)\n",
        "  u8=round(w32/u33, kk)\n",
        "  u9=round(w33/u33, kk)\n",
        "  A=np.array([[a1,a4,a7],[a2,a5,a8],[a3,a6,a9]])\n",
        "  Q=np.array([[u1,u4,u7],[u2,u5,u8],[u3,u6,u9]])\n",
        "  Qt=np.array([[u1,u2,u3],[u4,u5,u6],[u7,u8,u9]])\n",
        "  R=np.dot(Qt,A)\n",
        "  A1=np.dot(R,Q)\n",
        "  print(\"x\")\n",
        "  print(a1,a2,a3)\n",
        "  print(a4,a5,a6)\n",
        "  print(a7,a8,a9)\n",
        "  print(\"w\")\n",
        "  print(a1,a2,a3)\n",
        "  print(w21,w22,w23)\n",
        "  print(w31,w32,w33)\n",
        "  print(\"v\")\n",
        "  print(u1,u2,u3)\n",
        "  print(u4,u5,u6)\n",
        "  print(u7,u8,u9)\n",
        "  print(\"Q\")\n",
        "  print(Q)\n",
        "  print(\"R\")\n",
        "  print(R)\n",
        "  print(\"A\",i+1)\n",
        "  print(A1)\n",
        "  print(\"---------------------\")\n",
        "  a1=round(A1[0][0], kk)\n",
        "  a4=round(A1[0][1],kk)\n",
        "  a7=round(A1[0][2],kk)\n",
        "  a2=round(A1[1][0],kk)\n",
        "  a5=round(A1[1][1],kk)\n",
        "  a8=round(A1[1][2],kk)\n",
        "  a3=round(A1[2][0],kk)\n",
        "  a6=round(A1[2][1],kk)\n",
        "  a9=round(A1[2][2],kk)"
      ]
    }
  ]
}